84,101,363,399,272,206,236,131,94,443,9,198,376,369,328,455,90,157,387,293,144,257,304,67,430,448,421,22,389,437,334,344,23,29,36,115,225,168,118,496,390,453,195,251,303,233,296,135,446,154,57
385,407,137,430,8,305,294,366,424,365,440,130,334,28,372,313,178,224,353,210,80,222,434,168,102,436,472,117,252,462,187,107,31,395,392,361,172,152,61,14,119,45,435,247,27,481,167,88,393,25,111
4,496,24,86,159,232,18,258,343,462,27,493,106,134,317,290,304,227,219,144,40,168,124,403,273,303,378,139,367,480,44,33,440,211,397,156,188,48,262,205,83,422,257,74,248,286,26,274,499,495,483
126,443,185,112,109,161,362,432,5,341,486,32,294,465,397,319,139,268,164,342,25,460,310,302,353,491,438,145,198,82,48,62,76,327,154,56,274,36,418,177,489,2,195,176,175,401,125,377,444,469,229
394,247,92,467,198,490,371,150,418,67,364,492,399,238,58,386,122,452,84,423,319,8,400,397,321,166,140,324,70,135,294,17,306,31,384,156,466,279,208,362,199,395,433,332,206,474,476,85,428,115,103
324,373,290,499,367,241,7,11,481,255,63,391,50,21,175,164,244,413,476,150,234,434,449,38,419,133,86,452,53,238,350,73,49,460,198,153,87,20,57,123,51,221,261,212,155,275,2,191,343,345,217
385,284,141,351,314,457,107,56,332,265,355,17,230,226,411,186,420,102,267,248,449,121,417,74,136,347,421,389,65,108,184,145,89,409,12,286,125,312,5,185,441,456,356,129,126,447,468,268,169,61,373
370,393,15,135,382,325,320,146,192,324,291,260,372,419,21,236,140,230,109,87,38,272,355,148,47,470,414,243,224,298,139,123,367,329,68,81,210,7,203,198,430,357,336,5,67,235,55,412,186,342,449
456,276,416,233,175,136,3,179,64,332,160,116,205,345,286,309,333,63,5,340,371,203,150,432,253,425,299,289,472,6,167,417,138,394,222,441,88,413,186,124,323,312,71,264,130,238,113,258,119,2,109
398,372,476,325,6,8,202,382,319,40,457,499,426,440,492,410,36,405,99,177,354,275,369,422,133,193,185,403,190,310,282,46,196,341,216,481,91,175,197,236,176,385,118,78,217,169,361,43,358,485,178
105,281,17,150,441,164,151,112,247,26,341,130,70,48,274,336,421,109,214,81,178,260,146,96,446,431,93,265,169,132,275,145,427,254,135,329,397,12,152,358,267,411,82,285,460,382,6,143,15,49,95
471,283,271,172,194,162,346,100,200,494,390,198,124,97,415,397,210,91,64,225,221,7,173,28,312,400,470,318,463,330,254,51,38,131,359,52,393,127,380,257,368,334,488,350,238,115,349,260,433,199,272
60,474,225,159,146,160,274,20,173,445,191,15,487,115,323,74,496,250,87,112,423,484,390,139,194,287,214,158,429,275,211,17,486,103,142,28,187,407,339,228,314,453,163,329,440,247,24,166,338,108,202
96,275,383,91,111,388,28,496,389,175,353,351,123,467,79,94,273,139,375,315,469,101,431,166,134,271,124,301,22,340,338,416,439,474,465,122,110,308,485,26,83,343,30,182,331,432,248,417,37,120,41
426,136,32,142,246,88,399,338,330,393,12,268,385,357,70,51,166,490,115,492,145,485,283,370,259,482,468,160,132,374,134,73,250,326,65,76,494,444,86,24,316,364,486,438,409,9,451,424,412,420,377
92,397,70,196,405,170,275,440,19,109,274,250,492,433,234,231,223,379,125,137,138,421,420,286,346,462,460,444,104,87,59,116,244,443,477,177,365,53,190,452,341,467,232,161,77,158,30,319,306,380,455
439,448,245,262,349,335,123,375,364,42,328,383,88,484,166,458,23,51,24,345,396,456,213,10,471,397,391,356,282,232,121,290,431,156,288,202,464,11,33,198,488,243,21,268,346,160,124,77,13,176,483
393,135,84,273,471,376,220,317,378,365,1,440,294,98,95,346,361,225,182,329,472,25,434,236,103,224,44,359,116,490,119,73,223,35,87,259,107,355,418,423,36,139,72,437,151,284,186,62,89,11,121
219,478,449,77,352,305,463,82,482,434,292,399,227,83,499,472,405,247,382,444,460,465,360,148,162,485,213,51,259,242,389,76,91,426,346,118,492,62,132,173,427,200,234,24,263,251,333,429,183,430,72
380,27,473,398,244,443,348,259,106,97,170,430,63,89,194,79,208,326,125,351,256,264,8,341,268,176,402,228,436,72,71,456,413,287,337,83,90,491,391,419,423,444,237,382,417,45,272,155,441,307,75
338,476,354,289,0,275,16,168,229,204,83,157,300,495,89,299,17,419,362,240,128,152,50,474,137,259,10,34,442,82,32,76,166,169,317,488,212,351,262,303,245,353,417,266,373,21,401,310,181,380,468
488,293,378,494,477,70,2,408,58,498,104,401,65,232,398,263,63,24,352,247,468,264,235,134,7,175,246,382,260,495,174,351,463,245,17,406,265,52,257,273,149,185,25,399,145,461,428,332,59,43,76
156,96,12,491,245,33,74,118,252,327,125,477,473,348,293,212,423,140,389,413,436,435,399,275,47,406,380,10,59,457,17,367,392,433,494,352,421,213,166,308,329,415,462,141,68,76,179,498,177,108,185
210,206,389,348,375,77,297,219,139,117,177,488,438,417,345,58,4,97,489,67,149,102,120,422,418,94,104,23,410,449,80,203,430,439,342,134,481,409,179,396,243,339,207,278,336,416,150,204,22,279,423
137,280,246,252,30,233,22,50,92,293,273,134,28,63,499,383,320,138,400,423,325,393,120,314,387,477,80,201,206,248,106,99,39,21,471,338,365,159,5,431,484,165,441,364,174,75,377,251,223,495,460
374,340,30,354,117,260,297,105,330,9,142,200,13,350,483,292,500,218,221,49,210,271,207,8,70,120,236,159,62,78,44,179,107,415,39,130,89,439,192,298,425,477,96,92,463,157,198,102,168,232,327
393,258,407,388,474,74,337,475,471,264,224,6,395,437,85,332,422,176,172,153,283,39,35,102,455,379,492,315,349,268,66,482,429,99,65,130,494,316,476,425,55,181,262,359,87,8,374,104,415,287,284
271,175,41,340,427,379,191,124,490,11,344,299,99,496,433,9,7,317,486,126,130,358,307,195,321,59,267,473,491,252,84,44,97,460,446,471,42,290,484,402,235,173,23,162,283,245,25,403,208,63,374
356,62,152,454,440,362,473,495,2,324,493,66,216,233,499,229,276,430,53,55,255,322,385,458,39,137,296,57,98,346,443,150,411,70,423,1,210,429,398,312,204,77,46,135,205,162,76,5,240,89,461
155,71,229,68,50,293,57,115,424,324,394,41,468,436,217,160,361,452,39,348,225,282,476,495,342,335,460,159,226,192,319,375,45,224,63,69,421,285,459,403,450,120,486,104,295,427,171,385,356,112,405
127,129,423,250,425,157,92,143,130,430,375,324,42,22,202,215,395,24,442,136,301,95,434,122,492,106,255,203,424,168,292,124,131,454,62,337,230,121,348,248,433,61,396,333,171,164,495,241,256,63,478
367,388,359,178,24,257,55,191,119,391,112,407,402,203,273,417,113,8,302,276,480,457,309,352,356,17,405,372,262,82,428,323,239,175,429,198,149,163,289,334,21,319,100,233,66,335,486,453,145,216,303
447,219,301,430,250,483,84,498,413,67,429,63,271,73,305,303,495,468,100,149,248,299,177,220,362,376,46,48,187,112,427,293,485,496,350,486,319,456,307,152,313,61,64,338,14,26,38,356,383,236,281
16,441,1,268,410,27,480,291,413,39,14,114,107,462,204,163,172,282,116,393,210,396,277,100,289,18,404,482,308,67,222,200,185,444,50,229,4,371,497,258,135,43,234,411,183,248,195,449,272,491,394
232,328,252,289,450,109,385,437,246,190,482,50,2,283,195,383,419,210,254,470,311,206,104,106,53,412,184,370,58,91,163,249,302,352,268,1,288,9,255,441,389,404,319,134,429,431,114,341,62,381,97
97,256,103,368,118,61,117,361,470,386,268,394,331,27,137,148,50,69,420,309,169,0,381,443,373,228,24,172,468,165,358,296,336,34,113,52,465,126,499,112,429,77,289,364,142,284,282,303,481,158,161
445,169,14,328,166,318,141,130,429,132,104,441,182,230,385,421,297,36,219,418,50,411,226,93,380,298,157,353,178,350,355,253,334,272,30,125,290,58,173,476,72,15,484,414,185,167,43,295,389,339,47
228,430,395,356,254,435,52,53,305,239,245,335,349,433,284,398,338,485,194,188,465,473,372,273,423,62,10,77,118,302,472,249,226,303,86,331,397,116,18,84,263,71,345,426,6,296,339,322,439,126,312
74,11,492,352,125,45,451,156,58,111,336,312,246,93,64,383,460,274,22,313,493,114,190,89,40,456,374,380,305,37,21,234,452,485,240,83,366,333,335,224,6,409,345,194,445,97,376,433,177,286,332
47,80,348,34,320,402,158,286,224,219,390,115,354,98,347,159,393,42,294,149,324,391,76,53,191,65,425,430,190,252,111,222,4,277,1,305,482,247,493,81,139,261,310,470,321,218,410,17,249,104,50
6,372,379,332,114,254,328,109,369,87,367,410,197,472,451,431,216,500,112,88,361,229,68,413,251,425,50,337,15,283,70,92,398,225,278,475,202,255,453,22,365,124,164,329,286,80,94,491,289,387,488
493,320,39,364,88,468,310,289,398,461,219,148,153,335,451,49,327,221,309,194,485,317,362,158,308,102,493,87,34,79,177,323,64,349,193,191,112,500,140,292,286,300,305,160,74,426,32,384,445,117,368
402,373,442,296,223,448,59,387,88,187,76,277,224,326,366,15,279,358,256,379,228,20,185,141,359,464,434,370,479,205,492,253,288,490,243,390,82,344,196,69,39,54,66,233,254,113,457,213,169,467,426
58,319,25,328,260,318,445,182,353,448,76,35,384,119,373,427,37,57,90,441,435,138,29,267,416,489,75,346,105,308,339,420,226,13,140,36,397,347,231,465,249,151,101,214,329,286,481,87,167,402,229
180,192,336,26,10,3,171,397,367,243,329,251,279,489,92,205,51,152,278,220,85,76,473,350,59,481,186,319,320,185,7,430,379,62,245,138,21,289,456,183,362,197,36,130,376,380,83,18,495,476,346
421,341,457,90,295,296,324,22,271,415,383,303,48,71,132,447,17,103,148,474,448,314,338,400,74,169,210,208,58,21,433,463,281,232,77,268,19,30,315,243,8,75,233,239,454,134,131,323,317,364,49
412,132,312,58,194,336,409,195,427,423,78,112,181,452,393,238,381,486,331,405,273,256,289,320,260,0,419,297,162,357,298,411,146,303,333,255,365,267,285,72,141,428,439,203,288,21,281,115,498,443,110
101,20,87,363,441,217,42,432,250,340,429,113,259,356,452,99,216,491,6,428,398,387,159,205,169,272,21,231,361,450,252,212,424,32,148,476,254,423,152,189,30,419,404,256,134,165,349,336,25,274,281
294,223,17,68,450,168,411,43,5,417,65,466,467,337,9,365,102,175,29,106,470,107,383,344,476,123,334,86,61,408,319,136,141,284,84,398,425,210,212,94,209,452,465,49,54,119,140,490,67,8,198
391,14,98,55,141,26,60,368,329,442,289,122,58,93,128,247,330,495,257,445,155,480,208,325,40,357,21,392,34,28,437,50,260,482,226,345,428,8,7,189,290,406,62,336,488,207,481,397,72,66,403
10,455,490,479,183,388,315,210,133,346,193,258,94,377,380,431,117,205,405,411,300,99,233,376,116,188,292,58,249,375,148,420,100,107,38,165,220,466,225,86,313,347,30,403,312,277,250,443,270,454,404
418,470,266,493,480,368,381,176,141,112,97,419,308,25,420,364,195,178,81,28,42,65,403,19,300,484,315,40,334,396,1,476,252,102,379,253,153,187,282,243,340,61,369,230,352,423,317,75,10,228,105
126,20,485,390,448,402,37,30,41,314,1,17,236,243,78,260,475,324,116,210,182,322,51,52,225,12,80,181,464,142,371,191,25,328,346,331,428,144,161,377,241,106,401,372,283,55,184,45,251,305,310
240,411,248,319,61,402,347,92,368,391,56,66,425,378,204,264,445,176,131,98,312,387,108,213,380,174,280,58,479,338,95,87,415,474,119,307,300,138,63,250,351,49,468,286,458,251,164,171,352,359,369
213,196,402,480,71,51,379,103,321,91,488,82,163,81,365,67,356,147,334,22,245,41,192,7,17,341,47,224,453,274,253,382,373,345,436,324,433,314,45,348,383,110,156,282,74,262,307,239,211,107,105
6,85,95,236,455,332,100,479,394,325,255,353,111,263,329,349,368,55,460,164,148,113,190,139,369,491,393,122,243,362,450,63,10,442,67,382,496,245,129,269,240,173,293,22,56,215,346,51,48,188,166
376,109,391,421,88,148,337,114,241,64,248,410,212,86,216,42,98,265,139,320,294,359,390,418,132,128,293,434,5,285,201,38,425,112,308,401,335,11,350,252,261,183,186,107,465,175,331,461,129,352,427
63,287,197,399,466,166,63,401,41,445,27,64,477,124,375,92,349,364,139,383,205,353,52,470,178,387,151,184,182,86,30,73,24,348,389,199,202,411,468,125,264,251,323,235,420,282,203,77,283,210,9
405,59,441,48,496,95,2,491,463,50,150,108,85,293,267,14,121,314,144,88,53,175,143,354,435,235,105,402,347,439,413,152,223,477,55,94,31,288,420,80,262,455,87,186,141,341,19,191,359,42,292
239,433,371,80,377,319,192,338,137,399,50,484,378,84,391,482,360,0,165,71,131,170,281,372,194,25,361,163,405,415,180,62,89,311,466,487,15,390,451,96,218,251,431,19,90,348,236,490,345,425,342
228,94,135,222,496,47,404,307,384,454,357,447,164,228,343,458,334,126,479,157,261,498,42,414,0,419,124,379,281,463,429,9,196,83,374,393,301,140,191,5,238,441,171,400,129,468,6,418,128,64,280
250,469,82,409,333,270,235,21,403,496,397,54,332,143,290,244,67,456,284,487,131,331,65,149,458,217,316,438,162,339,69,385,208,389,22,427,411,449,474,11,259,483,93,132,122,37,277,124,164,407,287
70,158,134,339,391,387,213,375,28,56,361,32,450,6,170,106,1,144,292,289,253,362,10,98,149,67,182,217,442,327,422,210,313,36,151,259,233,456,325,248,257,453,281,270,94,351,194,476,7,81,78
32,498,61,297,479,161,170,424,45,22,306,464,486,248,315,259,234,402,255,420,432,454,57,317,288,263,15,370,346,281,364,496,32,168,58,74,245,0,13,417,339,416,390,373,82,108,39,286,65,162,393
58,342,21,186,407,161,1,396,430,136,487,455,299,257,206,199,473,388,106,187,377,93,370,10,76,77,276,386,335,101,376,62,91,383,105,351,311,292,133,453,185,474,465,70,53,200,366,450,245,327,315
188,367,356,378,334,222,343,499,143,451,470,268,471,345,26,352,338,416,13,192,429,22,171,204,211,230,498,10,181,234,397,485,128,443,64,494,32,288,120,216,17,327,337,189,486,481,141,310,383,39,197
19,314,132,496,455,77,438,410,307,136,224,63,467,474,274,44,38,173,55,28,344,237,358,206,98,277,235,30,316,347,180,322,49,118,21,390,381,278,315,450,305,89,409,263,156,189,445,195,464,348,83
239,235,479,469,281,293,489,331,221,296,318,111,215,171,457,404,56,368,304,492,163,449,242,241,367,177,169,407,264,257,266,99,183,374,500,362,302,278,481,408,276,38,209,112,476,108,244,126,228,310,189
97,116,49,150,440,86,480,215,58,184,379,316,261,335,275,71,173,310,393,304,493,88,280,351,87,332,214,247,41,218,36,61,289,469,199,0,91,459,106,266,162,191,23,279,193,458,212,385,468,186,95
310,119,343,109,202,162,125,45,19,277,342,363,146,121,426,78,16,431,58,423,35,116,224,359,364,249,444,104,377,247,325,305,147,164,412,38,381,466,59,108,189,290,67,330,190,170,6,447,338,161,313
366,379,101,311,489,166,107,106,266,410,26,134,66,354,103,175,168,126,385,361,245,400,25,381,327,330,170,33,219,218,20,486,276,79,316,124,346,171,73,186,70,181,238,469,34,8,232,158,337,333,211
128,475,163,335,414,122,290,397,178,483,22,87,177,403,3,230,203,301,107,330,360,326,162,70,306,436,361,134,186,29,5,384,194,390,56,353,296,359,340,207,298,473,233,24,254,42,365,439,52,481,11
247,199,17,452,475,316,26,67,451,329,121,320,443,31,405,481,100,312,352,208,478,391,173,406,410,334,146,253,343,490,357,256,108,181,198,78,86,367,145,257,368,193,93,4,3,92,421,328,183,341,460
337,462,403,349,487,377,210,187,384,260,272,92,444,295,39,249,74,244,242,130,466,136,300,443,172,34,206,32,368,362,393,89,305,173,448,475,354,267,0,95,294,417,337,312,478,68,110,259,258,168,165
83,351,2,416,317,247,437,246,58,490,193,475,414,230,130,270,267,377,28,42,451,361,399,422,313,327,224,396,29,207,292,403,73,309,393,290,52,96,64,274,139,366,304,498,46,500,439,281,71,448,343
306,180,413,334,434,398,349,409,107,48,139,238,113,105,366,82,193,473,175,384,242,383,123,151,411,94,287,211,233,80,316,319,173,177,297,247,4,189,296,312,153,436,161,3,0,191,65,466,330,144,72
292,140,329,482,54,353,498,95,334,59,192,238,401,207,260,244,94,75,0,45,344,2,139,496,366,252,92,60,159,263,111,204,303,42,179,311,326,125,321,417,170,483,37,330,173,277,322,282,273,299,167
212,106,345,500,62,122,426,476,354,436,33,113,132,454,355,474,147,3,108,465,192,123,139,66,437,367,288,13,138,160,199,376,223,456,203,216,348,284,432,186,156,213,60,148,271,210,107,225,142,364,211
153,318,341,475,395,54,141,400,392,364,193,143,447,323,326,481,436,220,50,56,173,372,213,259,474,476,104,198,93,144,11,38,26,162,68,377,167,406,270,387,109,287,336,307,250,342,255,432,296,338,433
315,275,475,47,443,79,432,222,158,357,484,22,132,45,156,305,145,178,463,26,490,397,250,20,318,210,448,159,344,367,326,247,426,143,354,65,469,433,40,182,48,374,194,402,476,286,400,441,102,11,74
4,115,41,388,439,261,43,227,285,357,189,484,402,150,310,375,86,117,15,195,131,96,282,254,57,376,148,151,54,365,430,325,379,92,429,312,431,23,215,32,211,199,385,440,167,458,35,259,374,177,406
198,365,291,26,203,179,427,147,424,73,384,17,68,450,280,404,48,72,460,242,457,27,234,479,108,18,322,225,397,83,389,105,433,161,164,31,114,449,359,249,372,443,60,316,334,459,415,137,107,319,349
270,281,238,214,219,382,320,248,500,126,34,86,380,356,76,395,468,215,361,350,346,41,472,53,92,421,241,494,237,78,313,73,406,289,377,252,294,438,58,143,84,296,452,322,493,146,140,223,391,403,351
6,72,416,329,120,412,262,287,76,408,300,256,114,91,88,146,266,184,136,150,127,74,487,40,159,373,339,417,20,109,70,212,332,33,379,45,191,164,242,479,312,188,383,90,0,265,47,484,204,275,375
245,101,294,209,416,437,163,282,414,319,242,346,102,265,69,360,486,170,379,320,383,157,335,260,490,192,34,17,452,215,390,27,406,284,358,297,425,285,495,484,90,342,148,407,159,59,153,118,374,85,493
97,405,384,340,316,155,255,105,154,421,285,344,266,363,22,329,481,361,389,33,414,164,219,201,140,330,321,442,489,162,455,79,350,315,251,95,10,387,116,324,128,248,320,297,106,4,326,277,460,21,30
5,335,207,75,90,434,456,195,346,46,483,11,243,315,353,484,186,176,107,397,74,438,290,308,408,373,182,92,280,7,18,334,356,69,109,221,71,269,342,99,47,20,330,266,141,167,455,39,26,133,54
479,446,414,254,378,166,236,401,361,288,130,292,255,280,30,15,123,125,84,313,80,364,116,93,356,354,66,476,38,424,326,346,329,194,12,27,421,8,0,347,227,149,300,264,237,110,301,443,471,181,402
324,270,215,433,4,333,212,38,26,83,376,107,253,75,262,97,391,390,259,350,110,279,81,389,239,496,195,446,482,125,98,177,437,435,141,235,486,89,285,378,63,76,467,387,404,362,104,458,227,258,408
469,370,481,308,354,361,114,258,377,421,111,165,199,94,46,115,18,404,81,11,466,327,164,500,284,235,299,446,342,221,310,494,320,131,492,498,90,145,39,124,343,385,192,478,106,226,462,173,6,281,278
264,224,12,274,87,73,219,280,139,499,389,310,374,150,55,252,307,315,157,363,7,167,446,311,400,428,86,403,112,21,8,204,54,422,140,261,66,198,376,332,277,459,434,457,479,134,436,253,189,182,16
334,475,108,395,201,249,87,311,168,144,9,420,431,166,409,61,205,492,341,263,304,235,117,382,460,7,384,361,4,397,71,373,228,332,245,499,487,343,209,385,192,1,60,194,264,367,0,84,134,215,404
495,341,493,328,115,310,100,324,250,1,402,181,432,308,66,251,383,282,380,24,414,351,197,4,421,259,153,215,31,102,233,113,30,183,195,72,500,15,88,130,321,49,428,3,80,453,355,127,90,213,76
171,240,62,420,308,192,285,382,16,394,384,205,68,92,156,55,365,67,95,388,304,307,155,115,250,2,393,6,244,242,483,385,376,400,263,474,374,397,77,327,96,363,87,161,398,168,134,203,466,28,116
487,283,245,375,188,368,105,226,138,238,102,494,70,45,387,308,239,401,132,299,139,216,380,122,272,408,236,472,431,445,263,492,328,39,281,370,204,180,116,86,404,255,357,428,59,444,341,430,351,154,44
411,430,309,411,377,177,424,56,204,18,222,9,290,427,361,67,462,280,186,435,185,187,221,114,162,233,19,158,59,328,94,179,57,464,74,379,445,85,216,305,241,28,218,44,220,163,316,372,113,42,499
410,224,260,190,475,462,35,291,230,500,54,218,417,181,74,65,359,376,189,62,280,304,323,125,93,179,374,91,360,390,207,387,232,499,477,355,7,269,397,303,234,412,92,143,126,332,76,392,32,80,17
157,69,233,68,147,463,357,66,73,396,149,389,248,58,382,430,240,179,157,122,346,284,488,483,89,288,351,277,259,302,373,46,267,213,70,47,427,406,244,124,256,17,146,50,404,111,103,410,78,25,326
200,229,272,69,373,11,227,31,65,21,277,374,48,61,380,460,250,319,106,441,315,387,482,23,103,79,320,323,33,386,70,269,352,240,344,248,67,46,49,8,424,1,110,416,324,215,404,398,342,365,296
305,174,259,118,199,354,60,375,64,356,19,489,209,225,359,421,476,42,452,419,115,267,420,260,189,270,221,130,24,119,113,183,432,254,447,372,217,444,29,446,332,111,143,52,451,355,37,104,408,313,121
